-252.871402 -342.888445
-252.945750 -342.916611
-252.995581 -342.899785
-253.219768 -342.964406
-252.452890 -342.994298
-252.629496 -342.996759
-253.032461 -342.515890
-253.179581 -343.112575
-252.996247 -342.960642
-252.864650 -342.948248
-252.949047 -342.066481
-253.022910 -341.725022
-252.993107 -342.882466
-253.059780 -342.960745
-252.352906 -342.083390
-253.060583 -342.229188
-252.881395 -342.858479
-252.753908 -342.564930
-252.994425 -341.937408
-253.070289 -342.883759
-253.339720 -343.163703
-253.339217 -342.710231
-252.875803 -342.339770
-253.156302 -342.944072
-253.038527 -342.856337
-253.001660 -342.622368
-253.286806 -342.050958
-253.048536 -342.025874
-253.019016 -342.613979
-252.919588 -342.930218
-252.826387 -342.970485
-253.074293 -342.877284
-252.902884 -342.612472
-252.493764 -340.399841
-253.163548 -342.240432
-252.463898 -340.398339
-252.773614 -342.814678
-252.532805 -342.812786
-252.946250 -342.789250
-252.520414 -342.246502
-252.820537 -342.357731
-252.673020 -341.783133
-253.252315 -342.708129
-252.799486 -342.929352
-252.175321 -342.959771
-252.822423 -342.832220
-253.207000 -343.071865
-252.837983 -342.758079
-252.868178 -342.994521
-252.635560 -342.675111
-252.427758 -342.001204
-252.795976 -343.332234
-253.107709 -342.181728
-253.027926 -342.315726
-253.138573 -342.716756
-252.935032 -342.828953
-252.795101 -342.817554
-252.839151 -341.963850
-252.791135 -342.843482
-252.837911 -341.099255
-252.898224 -343.383433
-252.959756 -342.705058
-252.970604 -342.770980
-253.237140 -343.032479
-252.819135 -342.415612
-252.699956 -342.797719
-252.807652 -343.064352
-253.196055 -342.791254
-253.025807 -343.028727
-253.014205 -342.050532
-252.792916 -342.878340
-253.225895 -342.907312
-253.262883 -342.705831
-252.966566 -341.029698
-252.813677 -342.750583
-252.798339 -342.611994
-252.949361 -342.999279
-252.955174 -342.852936
-253.100842 -342.952136
-252.736933 -342.086534
-253.126104 -342.634000
-252.997767 -342.846165
-252.933172 -341.511870
-252.693219 -343.076350
-252.765056 -342.005819
-253.163367 -343.037431
-252.937745 -342.938776
-252.771774 -342.927560
-252.553216 -342.039625
-252.864359 -341.915253
-252.861732 -342.882238
-253.130896 -342.887153
-252.959774 -342.706880
-252.774872 -342.111149
-252.829558 -342.486853
-253.017679 -342.952800
-252.670732 -342.753804
-253.315107 -342.798353
-252.629274 -342.986621
-252.617613 -342.921494
