1 -342.888445
2 -342.916611
3 -342.899785
4 -342.964406
5 -342.994298
6 -342.996759
7 -342.515890
8 -343.112575
9 -342.960642
10 -342.948248
11 -342.066481
12 -341.725022
13 -342.882466
14 -342.960745
15 -342.083390
16 -342.229188
17 -342.858479
18 -342.564930
19 -341.937408
20 -342.883759
21 -343.163703
22 -342.710231
23 -342.339770
24 -342.944072
25 -342.856337
26 -342.622368
27 -342.050958
28 -342.025874
29 -342.613979
30 -342.930218
31 -342.970485
32 -342.877284
33 -342.612472
34 -340.399841
35 -342.240432
36 -340.398339
37 -342.814678
38 -342.812786
39 -342.789250
40 -342.246502
41 -342.357731
42 -341.783133
43 -342.708129
44 -342.929352
45 -342.959771
46 -342.832220
47 -343.071865
48 -342.758079
49 -342.994521
50 -342.675111
51 -342.001204
52 -343.332234
53 -342.181728
54 -342.315726
55 -342.716756
56 -342.828953
57 -342.817554
58 -341.963850
59 -342.843482
60 -341.099255
61 -343.383433
62 -342.705058
63 -342.770980
64 -343.032479
65 -342.415612
66 -342.797719
67 -343.064352
68 -342.791254
69 -343.028727
70 -342.050532
71 -342.878340
72 -342.907312
73 -342.705831
74 -341.029698
75 -342.750583
76 -342.611994
77 -342.999279
78 -342.852936
79 -342.952136
80 -342.086534
81 -342.634000
82 -342.846165
83 -341.511870
84 -343.076350
85 -342.005819
86 -343.037431
87 -342.938776
88 -342.927560
89 -342.039625
90 -341.915253
91 -342.882238
92 -342.887153
93 -342.706880
94 -342.111149
95 -342.486853
96 -342.952800
97 -342.753804
98 -342.798353
99 -342.986621
100 -342.921494
